   2.9595539e+01
   2.9593419e+01
   2.9588475e+01
   2.9575921e+01
   2.9487518e+01
   2.8641539e+01
   1.4759303e+01
   6.6477086e+00
   6.5973418e+00
   6.5973418e+00
   6.5973418e+00
   6.5973418e+00
   6.5973418e+00
   6.5955528e+00
   6.5955528e+00
   6.5556001e+00
   6.5556001e+00
   6.5556001e+00
   6.5556001e+00
   6.5556001e+00
   6.5479130e+00
   6.5108786e+00
   6.5108786e+00
   6.4520494e+00
   6.3770774e+00
   6.3770774e+00
   6.3256034e+00
   6.3256034e+00
   6.3256034e+00
   6.3256034e+00
   6.3165573e+00
   6.2717333e+00
   6.2717333e+00
   6.2192950e+00
   6.2192950e+00
   6.1420988e+00
   6.0561085e+00
   6.0561085e+00
   5.9569739e+00
   5.4232283e+00
   4.2052986e+00
   3.0911625e+00
   2.6545810e+00
   2.6545810e+00
   2.3140142e+00
   2.3140142e+00
   2.3140142e+00
   2.3089762e+00
   2.1880071e+00
   2.1091273e+00
   2.1025278e+00
   2.0286946e+00
   2.0199385e+00
   1.9811246e+00
   1.9811246e+00
   1.9811246e+00
   1.9811246e+00
   1.9798821e+00
   1.9605441e+00
   1.8993460e+00
   1.8425437e+00
   1.7634947e+00
   1.7145977e+00
   1.3767738e+00
   1.1648831e+00
   5.9782942e-01
   3.6512440e-01
   1.5899136e-01
   7.4692908e-02
   7.4692908e-02
   7.4692908e-02
   7.4692908e-02
   7.4692908e-02
   7.4692908e-02
   7.4064631e-02
   5.8651493e-02
   5.8651493e-02
   3.5624501e-02
   3.5624501e-02
   3.5624501e-02
   1.0513650e-02
   1.0513650e-02
   1.0513650e-02
   1.0513650e-02
   1.0513650e-02
   1.0513650e-02
   1.0513650e-02
   1.0513650e-02
   1.0513650e-02
   1.0513650e-02
   1.0513650e-02
   5.6228001e-03
   5.6228001e-03
   5.0481999e-03
   4.7794289e-03
   2.6921606e-03
   2.6921606e-03
   2.6921606e-03
   2.6921606e-03
   2.6921606e-03
   2.5612154e-03
   2.5612154e-03
   2.5612154e-03
   2.5612154e-03
   2.2280766e-03
   2.2280766e-03
   1.5676351e-03
   1.5676351e-03
   1.4067160e-03
   1.3095704e-03
   1.3095704e-03
   1.3058353e-03
   1.0526978e-03
   8.1090613e-04
   6.9873901e-04
   6.7813954e-04
   5.3113601e-04
   5.1911855e-04
   4.8645481e-04
   4.8645481e-04
   4.3936430e-04
   4.3678675e-04
   4.0577424e-04
   3.7287925e-04
   2.9847527e-04
   2.7032103e-04
   2.4245768e-04
   2.1512517e-04
   1.5470678e-04
   1.1394139e-04
   1.1394139e-04
   9.6680693e-05
   9.3543831e-05
   7.9883362e-05
   7.9883362e-05
   7.5716900e-05
   7.0465887e-05
   6.8481939e-05
   6.3253180e-05
   6.2749360e-05
   6.1411842e-05
   5.6396742e-05
   4.6082460e-05
   3.9833789e-05
   3.6180750e-05
   2.7119401e-05
   2.3714595e-05
   2.1376224e-05
   1.1624680e-05
   1.1624680e-05
   1.1624680e-05
   1.1624680e-05
   1.1624680e-05
   1.1624680e-05
   1.1624680e-05
   1.1624680e-05
   1.1624680e-05
   1.1624680e-05
   1.1624680e-05
   1.1624680e-05
   1.1624680e-05
   1.1624680e-05
   1.1624680e-05
   1.1624680e-05
   1.1624680e-05
   1.1624680e-05
   1.1624680e-05
   1.1624680e-05
   1.1624680e-05
   1.1624680e-05
   1.1624680e-05
   1.1624680e-05
   1.1624680e-05
   1.1624680e-05
   1.1624680e-05
   1.1624680e-05
   1.1624680e-05
   1.1624680e-05
   1.1624680e-05
   1.1624680e-05
   1.1624680e-05
   1.1624680e-05
   1.1624680e-05
   1.1624680e-05
   1.1624680e-05
   1.1624680e-05
   1.1624680e-05
   1.1624680e-05
   1.1624680e-05
   1.1624680e-05
   1.1624680e-05
   1.1624680e-05
   1.1624680e-05
   1.1624680e-05
   1.1624680e-05
   1.1624680e-05
   1.1624680e-05
   1.1624680e-05
   1.1624680e-05
   1.1624680e-05
   1.1624680e-05
   1.1624680e-05
   1.1624680e-05
   1.1624680e-05
   1.1624680e-05
   1.1624680e-05
   1.1624680e-05
   1.1624680e-05
   1.1624680e-05
   1.1624680e-05
   1.1624680e-05
   1.1624680e-05
   1.1624680e-05
   1.1624680e-05
   1.1624680e-05
   1.1624680e-05
   1.1624680e-05
   1.1624680e-05
   1.1624680e-05
   1.1624680e-05
   1.1624680e-05
   1.1624680e-05
   1.1624680e-05
   1.1624680e-05
   1.1624680e-05
   1.1624680e-05
   1.1624680e-05
   1.1624680e-05
   1.1624680e-05
   1.1624680e-05
   1.1624680e-05
   1.1624680e-05
   1.1624680e-05
   1.1624680e-05
   1.1624680e-05
   1.1624680e-05
   1.1624680e-05
   1.1624680e-05
   1.1624680e-05
   1.1624680e-05
   1.1624680e-05
   1.1624680e-05
   1.1624680e-05
   1.1624680e-05
   1.1624680e-05
   1.1624680e-05
   1.1624680e-05
   1.1624680e-05
   1.1624680e-05
   1.1624680e-05
   1.1624680e-05
   1.1624680e-05
   1.1624680e-05
   1.1624680e-05
   1.1624680e-05
   1.1624680e-05
   1.1624680e-05
   1.1624680e-05
   1.1624680e-05
   1.1624680e-05
   1.1624680e-05
   1.1624680e-05
   1.1624680e-05
   1.1624680e-05
   1.1624680e-05
   1.1624680e-05
   1.1624680e-05
   1.1624680e-05
   1.1624680e-05
   1.1624680e-05
   1.1624680e-05
   1.1624680e-05
   1.1624680e-05
   1.1624680e-05
   1.1624680e-05
   1.1624680e-05
   1.1624680e-05
   1.1624680e-05
   1.1624680e-05
   1.1624680e-05
   1.1624680e-05
   1.1624680e-05
   1.1624680e-05
   1.1624680e-05
   1.1624680e-05
   1.1624680e-05
   1.1624680e-05
   1.1624680e-05
   1.1624680e-05
   1.1624680e-05
   1.1624680e-05
   1.1624680e-05
   1.1624680e-05
   1.1624680e-05
   1.1624680e-05
   1.1624680e-05
   1.1624680e-05
   1.1624680e-05
   1.1624680e-05
   1.1624680e-05
