   3.8244042e+01
   3.8145080e+01
   3.7852265e+01
   3.6115895e+01
   2.7573019e+01
   1.9699881e+01
   1.9675629e+01
   1.9675629e+01
   1.9675629e+01
   1.9670813e+01
   1.9670813e+01
   1.9670813e+01
   1.9649700e+01
   1.9639454e+01
   1.9639454e+01
   1.9626630e+01
   1.9582443e+01
   1.9582443e+01
   1.9542425e+01
   1.9441400e+01
   1.9403993e+01
   1.9403993e+01
   1.9206252e+01
   1.8929030e+01
   1.8277843e+01
   1.7868545e+01
   1.7146570e+01
   1.6609782e+01
   1.6327401e+01
   1.6180675e+01
   1.6071357e+01
   1.5305680e+01
   1.3394938e+01
   1.1386005e+01
   1.0097532e+01
   1.0097532e+01
   8.7931956e+00
   8.7931956e+00
   8.7931956e+00
   8.7931956e+00
   8.7931956e+00
   8.7718614e+00
   8.7718614e+00
   8.7384258e+00
   8.7068314e+00
   8.6279197e+00
   8.6279197e+00
   8.4644959e+00
   8.4644959e+00
   8.4644959e+00
   8.4644959e+00
   8.4644959e+00
   8.4644959e+00
   8.4644959e+00
   8.4644959e+00
   8.4644959e+00
   8.4644959e+00
   8.4644959e+00
   8.4644959e+00
   8.4644959e+00
   8.4553524e+00
   8.3794880e+00
   8.3794880e+00
   8.3619816e+00
   8.2481410e+00
   8.2038250e+00
   8.1598388e+00
   8.1308875e+00
   7.9680553e+00
   7.6691783e+00
   7.0798579e+00
   6.0527086e+00
   3.8405821e+00
   3.7852776e+00
   3.7085638e+00
   3.7085638e+00
   3.6586408e+00
   3.4880157e+00
   3.4880157e+00
   3.4880157e+00
   3.4680366e+00
   3.4680366e+00
   3.4553566e+00
   3.3697933e+00
   3.3683644e+00
   3.1821741e+00
   2.8495555e+00
   1.7413732e+00
   1.7413732e+00
   1.7207221e+00
   1.6836323e+00
   1.5595968e+00
   1.3201748e+00
   7.2526583e-01
   5.4524878e-01
   5.3862629e-01
   5.0084382e-01
   5.0084382e-01
   1.1194706e-01
   1.1194706e-01
   1.1194706e-01
   1.1194706e-01
   1.1194706e-01
   1.0047770e-01
   4.2507782e-02
   4.2507782e-02
   4.2507782e-02
   4.2507782e-02
   3.5002839e-02
   3.1102959e-02
   3.1102959e-02
   2.8000169e-02
   2.8000169e-02
   2.8000169e-02
   2.8000169e-02
   2.8000169e-02
   2.8000169e-02
   2.6720466e-02
   2.6069828e-02
   2.3602891e-02
   2.2708398e-02
   2.2708398e-02
   1.6733336e-02
   1.2673611e-02
   7.8547430e-03
   5.8280187e-03
   5.8280187e-03
   4.7736953e-03
   4.7736953e-03
   4.6217308e-03
   4.6217308e-03
   4.3872316e-03
   3.8404744e-03
   3.3774071e-03
   2.9277407e-03
   2.2385049e-03
   1.6437192e-03
   9.4126487e-04
   7.7497456e-04
   7.7497456e-04
   6.5499482e-04
   3.4883195e-04
   3.4883195e-04
   2.5102078e-04
   2.5102078e-04
   2.5102078e-04
   2.3815695e-04
   2.0813817e-04
   2.0813817e-04
   1.8240918e-04
   1.8240918e-04
   1.7500860e-04
   1.5074963e-04
   1.1377689e-04
   8.5177367e-05
   6.3231320e-05
   5.3552449e-05
   3.0713243e-05
   2.6504723e-05
   2.3342582e-05
   1.2860988e-05
   1.0684324e-05
   1.0684324e-05
   1.0684324e-05
   9.3321265e-06
   9.3321265e-06
   6.7691372e-06
   5.4767957e-06
   5.1675054e-06
   4.4619203e-06
   4.4619203e-06
   3.7036708e-06
   3.1367615e-06
   2.2342286e-06
   1.7283889e-06
   7.7395128e-07
   5.3150653e-07
   5.3150653e-07
   3.8532383e-07
   2.9545759e-07
   2.2438834e-07
   1.8808582e-07
   8.3512194e-08
   8.2999450e-08
   4.4457227e-08
   4.4457227e-08
   4.4457227e-08
   4.4457227e-08
   4.3914619e-08
   3.5110744e-08
   3.3094246e-08
   2.8948529e-08
   2.7334521e-08
   1.6058266e-08
   1.2329853e-08
   8.1009924e-09
   6.1379084e-09
   5.4546204e-09
   4.2543550e-09
   3.9307962e-09
   3.0251374e-09
   2.4101271e-09
   2.3180825e-09
   2.0464092e-09
   1.7319064e-09
   1.4927912e-09
   1.0748188e-09
   8.4357818e-10
   7.6548621e-10
   7.2037148e-10
   6.1162409e-10
   5.0516368e-10
   4.2360119e-10
   3.8325618e-10
   2.9399139e-10
   2.3893814e-10
   1.2099063e-10
   7.7315225e-11
   5.2849909e-11
   4.0809347e-11
   3.1737435e-11
   2.3015225e-11
   2.0856877e-11
   7.7736351e-12
   6.4001500e-12
   5.5640622e-12
   2.5150903e-12
   2.2688138e-12
   2.2688138e-12
   1.3262161e-12
   9.3229838e-13
   4.9417481e-13
   2.3353676e-13
   2.1878390e-13
   1.1052925e-13
   9.2260343e-14
   6.5729794e-14
   4.1516095e-14
   3.4714826e-14
   2.2568472e-14
   1.9003801e-14
   1.2614792e-14
   9.4516958e-15
   8.9148075e-15
   5.7467958e-15
   5.7467958e-15
   3.7750195e-15
   3.7750195e-15
   3.7750195e-15
   3.7750195e-15
   3.7750195e-15
   3.7750195e-15
   3.7750195e-15
   3.7750195e-15
   3.7750195e-15
   3.7750195e-15
   3.7750195e-15
   3.7750195e-15
   3.7750195e-15
   3.7750195e-15
   3.7750195e-15
   3.7750195e-15
   3.7750195e-15
   3.7750195e-15
   3.7750195e-15
   3.7750195e-15
   3.7750195e-15
   3.7750195e-15
   3.7750195e-15
   3.7750195e-15
   3.7750195e-15
   3.7750195e-15
   3.7750195e-15
   3.7750195e-15
   3.7750195e-15
   3.7750195e-15
   3.7750195e-15
   3.7750195e-15
   3.7750195e-15
   3.7750195e-15
   3.7750195e-15
   3.7750195e-15
   3.7750195e-15
   3.7750195e-15
   3.7750195e-15
   3.7750195e-15
   3.7750195e-15
   3.7750195e-15
   3.7750195e-15
   3.7750195e-15
   3.7750195e-15
   3.7750195e-15
   3.7750195e-15
   3.7750195e-15
   3.7750195e-15
   3.7750195e-15
   3.7750195e-15
   3.7750195e-15
   3.7750195e-15
   3.7750195e-15
