   3.5606496e+01
   3.5603536e+01
   3.5589945e+01
   3.5548132e+01
   3.5205217e+01
   3.0911579e+01
   1.8501000e+01
   1.8501000e+01
   1.7691806e+01
   1.6817794e+01
   1.5206932e+01
   1.0078011e+01
   5.5486293e+00
   5.0089104e+00
   3.0903928e+00
   3.0903928e+00
   3.0903928e+00
   3.0903928e+00
   3.0903928e+00
   3.0903928e+00
   3.0903928e+00
   3.0460695e+00
   3.0460695e+00
   3.0460695e+00
   3.0460695e+00
   3.0460695e+00
   2.9948756e+00
   2.9948756e+00
   2.9948756e+00
   2.9948756e+00
   2.9948756e+00
   2.9948756e+00
   2.9948756e+00
   2.9948756e+00
   2.9948756e+00
   2.9867240e+00
   2.9867240e+00
   2.9867240e+00
   2.9867240e+00
   2.9793446e+00
   2.9793446e+00
   2.9793446e+00
   2.9580633e+00
   2.9577619e+00
   2.9577619e+00
   2.9577619e+00
   2.9331482e+00
   2.9288024e+00
   2.9288024e+00
   2.9039032e+00
   2.9039032e+00
   2.8826313e+00
   2.8530713e+00
   2.8530713e+00
   2.8373664e+00
   2.7948843e+00
   2.6592958e+00
   2.5562666e+00
   2.2334126e+00
   1.8638871e+00
   1.5293889e+00
   1.1939698e+00
   1.1939698e+00
   1.1636868e+00
   1.1293094e+00
   1.1293094e+00
   9.3657722e-01
   9.3657722e-01
   9.1683482e-01
   9.0853882e-01
   9.0853882e-01
   8.5926627e-01
   8.0676565e-01
   8.0676565e-01
   8.0676565e-01
   8.0676565e-01
   8.0676565e-01
   7.9632689e-01
   7.9525456e-01
   7.9525456e-01
   7.8099392e-01
   7.8099392e-01
   7.7494254e-01
   7.6455827e-01
   7.5534981e-01
   7.5327389e-01
   7.5121413e-01
   7.4997301e-01
   7.4787972e-01
   7.4787972e-01
   7.4148047e-01
   7.3242341e-01
   7.2766977e-01
   7.1728253e-01
   7.0653958e-01
   7.0527274e-01
   6.9306276e-01
   6.8289039e-01
   6.8210320e-01
   6.7900497e-01
   6.7831723e-01
   6.7831723e-01
   6.7831723e-01
   6.7831723e-01
   6.7819511e-01
   6.7813584e-01
   6.7813584e-01
   6.7812954e-01
   6.7811936e-01
   6.7811849e-01
   6.7810937e-01
   6.7810780e-01
   6.7799551e-01
   6.7784708e-01
   6.7778660e-01
   6.7761048e-01
   6.7752949e-01
   6.7747465e-01
   6.7737392e-01
   6.7731267e-01
   6.7728462e-01
   6.7728462e-01
   6.7728287e-01
   6.7723187e-01
   6.7720947e-01
   6.7714835e-01
   6.7712452e-01
   6.7712157e-01
   6.7705318e-01
   6.7700564e-01
   6.7700564e-01
   6.7700098e-01
   6.7699990e-01
   6.7699990e-01
   6.7699484e-01
   6.7698683e-01
   6.7698683e-01
   6.7698683e-01
   6.7698360e-01
   6.7698360e-01
   6.7698360e-01
   6.7698336e-01
   6.7698315e-01
   6.7698227e-01
   6.7698225e-01
   6.7698164e-01
   6.7698128e-01
   6.7698127e-01
   6.7698117e-01
   6.7698089e-01
   6.7698089e-01
   6.7698083e-01
   6.7698083e-01
   6.7698082e-01
   6.7698082e-01
   6.7698082e-01
   6.7698082e-01
   6.7698082e-01
   6.7698082e-01
   6.7698082e-01
   6.7698082e-01
   6.7698082e-01
   6.7698082e-01
   6.7698082e-01
   6.7698082e-01
   6.7698082e-01
   6.7698082e-01
   6.7698082e-01
   6.7698082e-01
   6.7698082e-01
   6.7698082e-01
   6.7698082e-01
   6.7698082e-01
   6.7698082e-01
   6.7698082e-01
   6.7698082e-01
   6.7698082e-01
   6.7698082e-01
   6.7698082e-01
   6.7698082e-01
   6.7698082e-01
   6.7698082e-01
   6.7698082e-01
   6.7698082e-01
   6.7698082e-01
   6.7698082e-01
   6.7698082e-01
   6.7698082e-01
   6.7698082e-01
   6.7698082e-01
   6.7698082e-01
   6.7698082e-01
   6.7698082e-01
   6.7698082e-01
   6.7698082e-01
   6.7698082e-01
   6.7698082e-01
   6.7698082e-01
   6.7698082e-01
   6.7698082e-01
   6.7698082e-01
   6.7698082e-01
   6.7698082e-01
   6.7698082e-01
   6.7698082e-01
   6.7698082e-01
   6.7698082e-01
   6.7698082e-01
   6.7698082e-01
   6.7698082e-01
   6.7698082e-01
   6.7698082e-01
   6.7698082e-01
   6.7698082e-01
   6.7698082e-01
   6.7698082e-01
   6.7698082e-01
   6.7698082e-01
   6.7698082e-01
   6.7698082e-01
   6.7698082e-01
   6.7698082e-01
   6.7698082e-01
   6.7698082e-01
   6.7698082e-01
   6.7698082e-01
   6.7698082e-01
   6.7698082e-01
   6.7698082e-01
   6.7698082e-01
   6.7698082e-01
   6.7698082e-01
   6.7698082e-01
   6.7698082e-01
   6.7698082e-01
   6.7698082e-01
   6.7698082e-01
   6.7698082e-01
   6.7698082e-01
   6.7698082e-01
   6.7698082e-01
   6.7698082e-01
   6.7698082e-01
   6.7698082e-01
   6.7698082e-01
   6.7698082e-01
   6.7698082e-01
   6.7698082e-01
   6.7698082e-01
   6.7698082e-01
   6.7698082e-01
   6.7698082e-01
   6.7698082e-01
   6.7698082e-01
   6.7698082e-01
   6.7698082e-01
   6.7698082e-01
   6.7698082e-01
   6.7698082e-01
   6.7698082e-01
   6.7698082e-01
   6.7698082e-01
   6.7698082e-01
   6.7698082e-01
   6.7698082e-01
   6.7698082e-01
   6.7698082e-01
   6.7698082e-01
   6.7698082e-01
   6.7698082e-01
   6.7698082e-01
   6.7698082e-01
   6.7698082e-01
   6.7698082e-01
   6.7698082e-01
   6.7698082e-01
   6.7698082e-01
   6.7698082e-01
   6.7698082e-01
   6.7698082e-01
   6.7698082e-01
   6.7698082e-01
   6.7698082e-01
   6.7698082e-01
   6.7698082e-01
   6.7698082e-01
   6.7698082e-01
   6.7698082e-01
   6.7698082e-01
   6.7698082e-01
   6.7698082e-01
   6.7698082e-01
   6.7698082e-01
   6.7698082e-01
   6.7698082e-01
   6.7698082e-01
   6.7698082e-01
   6.7698082e-01
   6.7698082e-01
   6.7698082e-01
