   3.8137969e+01
   3.7906733e+01
   3.6246239e+01
   3.2145194e+01
   1.9560445e+01
   1.9504112e+01
   1.9504112e+01
   1.9477053e+01
   1.9477053e+01
   1.9477053e+01
   1.9477053e+01
   1.9457069e+01
   1.9455217e+01
   1.9413620e+01
   1.9413620e+01
   1.9413620e+01
   1.9390192e+01
   1.9375438e+01
   1.9347570e+01
   1.9347570e+01
   1.9329525e+01
   1.9286992e+01
   1.9265268e+01
   1.9031128e+01
   1.8736024e+01
   1.8417826e+01
   1.7740223e+01
   1.1949505e+01
   7.3969037e+00
   6.7747432e+00
   5.3888586e+00
   3.8451929e+00
   3.8451929e+00
   3.8451929e+00
   3.8451929e+00
   3.8333247e+00
   3.8333247e+00
   3.8333247e+00
   3.8218451e+00
   3.8218451e+00
   3.8218451e+00
   3.8218451e+00
   3.8218451e+00
   3.8218451e+00
   3.8218451e+00
   3.8218451e+00
   3.7953916e+00
   3.7953916e+00
   3.7953916e+00
   3.7953916e+00
   3.7953916e+00
   3.7953916e+00
   3.7820032e+00
   3.7693329e+00
   3.7349585e+00
   3.7138360e+00
   3.6450206e+00
   3.6150208e+00
   3.2448812e+00
   2.4926091e+00
   2.3879650e+00
   2.3169674e+00
   2.3143662e+00
   2.3143662e+00
   2.2719846e+00
   2.2303454e+00
   2.2303454e+00
   2.2303454e+00
   2.1165589e+00
   1.9568855e+00
   1.9071193e+00
   1.8910454e+00
   1.6312006e+00
   1.6102579e+00
   1.3425632e+00
   1.3425632e+00
   1.1914857e+00
   1.1591847e+00
   1.1232715e+00
   1.0969248e+00
   1.0703457e+00
   1.0411488e+00
   1.0411488e+00
   1.0246995e+00
   1.0106244e+00
   9.7830981e-01
   9.5376379e-01
   9.3747577e-01
   8.9841008e-01
   8.3115029e-01
   8.0888391e-01
   8.0437671e-01
   8.0437671e-01
   8.0437671e-01
   8.0437671e-01
   8.0383054e-01
   8.0255746e-01
   8.0255746e-01
   8.0255746e-01
   8.0238479e-01
   8.0195197e-01
   8.0195197e-01
   8.0129080e-01
   8.0129080e-01
   8.0129080e-01
   8.0108501e-01
   8.0108501e-01
   8.0088885e-01
   8.0088885e-01
   8.0088885e-01
   8.0082987e-01
   8.0081773e-01
   8.0081773e-01
   8.0079285e-01
   8.0072064e-01
   8.0070170e-01
   8.0068518e-01
   8.0068013e-01
   8.0068013e-01
   8.0067879e-01
   8.0067796e-01
   8.0067767e-01
   8.0067750e-01
   8.0067750e-01
   8.0067750e-01
   8.0067712e-01
   8.0067703e-01
   8.0067678e-01
   8.0067651e-01
   8.0067644e-01
   8.0067641e-01
   8.0067631e-01
   8.0067624e-01
   8.0067614e-01
   8.0067611e-01
   8.0067605e-01
   8.0067603e-01
   8.0067599e-01
   8.0067599e-01
   8.0067599e-01
   8.0067599e-01
   8.0067599e-01
   8.0067599e-01
   8.0067599e-01
   8.0067599e-01
   8.0067598e-01
   8.0067598e-01
   8.0067598e-01
   8.0067598e-01
   8.0067598e-01
   8.0067598e-01
   8.0067598e-01
   8.0067598e-01
   8.0067598e-01
   8.0067598e-01
   8.0067598e-01
   8.0067598e-01
   8.0067598e-01
   8.0067598e-01
   8.0067598e-01
   8.0067598e-01
   8.0067598e-01
   8.0067598e-01
   8.0067598e-01
   8.0067598e-01
   8.0067598e-01
   8.0067598e-01
   8.0067598e-01
   8.0067598e-01
   8.0067598e-01
   8.0067598e-01
   8.0067598e-01
   8.0067598e-01
   8.0067598e-01
   8.0067598e-01
   8.0067598e-01
   8.0067598e-01
   8.0067598e-01
   8.0067598e-01
   8.0067598e-01
   8.0067598e-01
   8.0067598e-01
   8.0067598e-01
   8.0067598e-01
   8.0067598e-01
   8.0067598e-01
   8.0067598e-01
   8.0067598e-01
   8.0067598e-01
   8.0067598e-01
   8.0067598e-01
   8.0067598e-01
   8.0067598e-01
   8.0067598e-01
   8.0067598e-01
   8.0067598e-01
   8.0067598e-01
   8.0067598e-01
   8.0067598e-01
   8.0067598e-01
   8.0067598e-01
   8.0067598e-01
   8.0067598e-01
   8.0067598e-01
   8.0067598e-01
   8.0067598e-01
   8.0067598e-01
   8.0067598e-01
   8.0067598e-01
   8.0067598e-01
   8.0067598e-01
   8.0067598e-01
   8.0067598e-01
   8.0067598e-01
   8.0067598e-01
   8.0067598e-01
   8.0067598e-01
   8.0067598e-01
   8.0067598e-01
   8.0067598e-01
   8.0067598e-01
   8.0067598e-01
   8.0067598e-01
   8.0067598e-01
   8.0067598e-01
   8.0067598e-01
   8.0067598e-01
   8.0067598e-01
   8.0067598e-01
   8.0067598e-01
   8.0067598e-01
   8.0067598e-01
   8.0067598e-01
   8.0067598e-01
   8.0067598e-01
   8.0067598e-01
   8.0067598e-01
   8.0067598e-01
   8.0067598e-01
   8.0067598e-01
   8.0067598e-01
   8.0067598e-01
   8.0067598e-01
   8.0067598e-01
   8.0067598e-01
   8.0067598e-01
   8.0067598e-01
   8.0067598e-01
   8.0067598e-01
   8.0067598e-01
   8.0067598e-01
   8.0067598e-01
   8.0067598e-01
   8.0067598e-01
   8.0067598e-01
   8.0067598e-01
   8.0067598e-01
   8.0067598e-01
   8.0067598e-01
   8.0067598e-01
   8.0067598e-01
   8.0067598e-01
   8.0067598e-01
   8.0067598e-01
   8.0067598e-01
   8.0067598e-01
   8.0067598e-01
   8.0067598e-01
   8.0067598e-01
   8.0067598e-01
   8.0067598e-01
   8.0067598e-01
   8.0067598e-01
   8.0067598e-01
   8.0067598e-01
   8.0067598e-01
   8.0067598e-01
   8.0067598e-01
   8.0067598e-01
   8.0067598e-01
   8.0067598e-01
   8.0067598e-01
   8.0067598e-01
   8.0067598e-01
   8.0067598e-01
   8.0067598e-01
   8.0067598e-01
   8.0067598e-01
   8.0067598e-01
   8.0067598e-01
   8.0067598e-01
   8.0067598e-01
   8.0067598e-01
   8.0067598e-01
   8.0067598e-01
   8.0067598e-01
   8.0067598e-01
   8.0067598e-01
   8.0067598e-01
   8.0067598e-01
