   4.5705153e+01
   4.5544673e+01
   4.3980244e+01
   3.9901493e+01
   2.4077303e+01
   2.4070448e+01
   2.4070448e+01
   2.4063564e+01
   2.4063564e+01
   2.4061757e+01
   2.4059295e+01
   2.4051248e+01
   2.4051248e+01
   2.4051248e+01
   2.4043326e+01
   2.4043326e+01
   2.4043326e+01
   2.4017036e+01
   2.3991536e+01
   2.3976133e+01
   2.3959091e+01
   2.3929567e+01
   2.3867418e+01
   2.3857059e+01
   2.3757161e+01
   2.3711671e+01
   2.3521818e+01
   2.3483993e+01
   2.3076452e+01
   2.2219879e+01
   2.1851991e+01
   2.0862062e+01
   2.0753755e+01
   2.0719360e+01
   2.0719360e+01
   2.0707971e+01
   2.0707971e+01
   2.0707971e+01
   2.0707971e+01
   2.0664608e+01
   2.0664608e+01
   2.0600063e+01
   2.0600063e+01
   2.0600063e+01
   2.0588983e+01
   2.0588983e+01
   2.0588983e+01
   2.0588983e+01
   2.0588983e+01
   2.0587825e+01
   2.0555132e+01
   2.0553519e+01
   2.0422760e+01
   2.0416626e+01
   2.0271022e+01
   2.0255925e+01
   2.0122787e+01
   1.9664657e+01
   1.9475808e+01
   1.8420879e+01
   1.6704253e+01
   1.4923277e+01
   1.2777464e+01
   1.1482580e+01
   1.0883716e+01
   1.0646419e+01
   1.0587630e+01
   1.0587630e+01
   1.0587630e+01
   1.0587630e+01
   1.0587630e+01
   1.0587630e+01
   1.0587630e+01
   1.0587630e+01
   1.0587630e+01
   1.0575161e+01
   1.0575161e+01
   1.0564804e+01
   1.0564804e+01
   1.0537063e+01
   1.0528381e+01
   1.0528381e+01
   1.0528381e+01
   1.0521546e+01
   1.0511222e+01
   1.0493412e+01
   1.0493412e+01
   1.0493412e+01
   1.0493412e+01
   1.0487344e+01
   1.0483432e+01
   1.0483432e+01
   1.0483432e+01
   1.0480737e+01
   1.0480737e+01
   1.0478076e+01
   1.0475784e+01
   1.0472929e+01
   1.0464868e+01
   1.0452799e+01
   1.0418215e+01
   1.0389303e+01
   1.0198623e+01
   9.4902249e+00
   7.6536601e+00
   6.2934199e+00
   4.6326988e+00
   4.6326988e+00
   4.5046559e+00
   4.5046559e+00
   4.2291659e+00
   4.2291659e+00
   3.9415822e+00
   3.1013437e+00
   2.2839613e+00
   2.1767662e+00
   2.0457623e+00
   1.8724447e+00
   1.7290099e+00
   1.5748624e+00
   1.5748624e+00
   1.5748624e+00
   1.5510256e+00
   1.5092794e+00
   1.5034465e+00
   1.4788599e+00
   1.4788599e+00
   1.4564463e+00
   1.4355523e+00
   1.4014848e+00
   1.3703046e+00
   1.2892373e+00
   1.1933838e+00
   1.1901672e+00
   1.1425323e+00
   1.1187813e+00
   1.0490082e+00
   9.9629585e-01
   9.6329645e-01
   9.1720769e-01
   8.0130940e-01
   7.1267889e-01
   7.0092220e-01
   6.9956264e-01
   6.9956264e-01
   6.9956264e-01
   6.9956264e-01
   6.9895956e-01
   6.9822510e-01
   6.9822510e-01
   6.9795424e-01
   6.9773203e-01
   6.9726273e-01
   6.9694637e-01
   6.9671225e-01
   6.9616398e-01
   6.9594866e-01
   6.9559892e-01
   6.9536537e-01
   6.9517970e-01
   6.9496394e-01
   6.9482977e-01
   6.9470277e-01
   6.9467279e-01
   6.9466319e-01
   6.9465509e-01
   6.9465509e-01
   6.9465049e-01
   6.9465049e-01
   6.9465049e-01
   6.9465038e-01
   6.9465038e-01
   6.9464984e-01
   6.9464900e-01
   6.9464900e-01
   6.9464884e-01
   6.9464881e-01
   6.9464881e-01
   6.9464877e-01
   6.9464874e-01
   6.9464874e-01
   6.9464873e-01
   6.9464873e-01
   6.9464873e-01
   6.9464872e-01
   6.9464870e-01
   6.9464870e-01
   6.9464868e-01
   6.9464868e-01
   6.9464867e-01
   6.9464867e-01
   6.9464867e-01
   6.9464866e-01
   6.9464866e-01
   6.9464866e-01
   6.9464866e-01
   6.9464866e-01
   6.9464866e-01
   6.9464866e-01
   6.9464866e-01
   6.9464866e-01
   6.9464866e-01
   6.9464866e-01
   6.9464866e-01
   6.9464866e-01
   6.9464866e-01
   6.9464866e-01
   6.9464866e-01
   6.9464866e-01
   6.9464866e-01
   6.9464866e-01
   6.9464866e-01
   6.9464866e-01
   6.9464866e-01
   6.9464866e-01
   6.9464866e-01
   6.9464866e-01
   6.9464866e-01
   6.9464866e-01
   6.9464866e-01
   6.9464866e-01
   6.9464866e-01
   6.9464866e-01
   6.9464866e-01
   6.9464866e-01
   6.9464866e-01
   6.9464866e-01
   6.9464866e-01
   6.9464866e-01
   6.9464866e-01
   6.9464866e-01
   6.9464866e-01
   6.9464866e-01
   6.9464866e-01
   6.9464866e-01
   6.9464866e-01
   6.9464866e-01
   6.9464866e-01
   6.9464866e-01
   6.9464866e-01
   6.9464866e-01
   6.9464866e-01
   6.9464866e-01
   6.9464866e-01
   6.9464866e-01
   6.9464866e-01
   6.9464866e-01
   6.9464866e-01
   6.9464866e-01
   6.9464866e-01
   6.9464866e-01
   6.9464866e-01
   6.9464866e-01
   6.9464866e-01
   6.9464866e-01
   6.9464866e-01
   6.9464866e-01
   6.9464866e-01
   6.9464866e-01
   6.9464866e-01
   6.9464866e-01
   6.9464866e-01
   6.9464866e-01
   6.9464866e-01
   6.9464866e-01
   6.9464866e-01
   6.9464866e-01
   6.9464866e-01
   6.9464866e-01
   6.9464866e-01
   6.9464866e-01
   6.9464866e-01
   6.9464866e-01
   6.9464866e-01
   6.9464866e-01
   6.9464866e-01
   6.9464866e-01
   6.9464866e-01
   6.9464866e-01
   6.9464866e-01
   6.9464866e-01
   6.9464866e-01
   6.9464866e-01
   6.9464866e-01
   6.9464866e-01
   6.9464866e-01
   6.9464866e-01
   6.9464866e-01
   6.9464866e-01
   6.9464866e-01
   6.9464866e-01
   6.9464866e-01
   6.9464866e-01
   6.9464866e-01
   6.9464866e-01
   6.9464866e-01
   6.9464866e-01
   6.9464866e-01
   6.9464866e-01
   6.9464866e-01
