   4.5618429e+01
   4.5533963e+01
   4.4966505e+01
   4.2170661e+01
   3.1773526e+01
   2.4040624e+01
   2.4034769e+01
   2.3973251e+01
   2.3965765e+01
   2.3919921e+01
   2.3919921e+01
   2.3919921e+01
   2.3919921e+01
   2.3919921e+01
   2.3877176e+01
   2.3871772e+01
   2.3871772e+01
   2.3852739e+01
   2.3843740e+01
   2.3819538e+01
   2.3816273e+01
   2.3741214e+01
   2.3639308e+01
   2.3562036e+01
   2.3294354e+01
   2.2772134e+01
   2.2130565e+01
   2.0276564e+01
   1.4522884e+01
   9.0635789e+00
   8.8250259e+00
   8.8250259e+00
   8.5362526e+00
   7.9091966e+00
   7.0362678e+00
   7.0362678e+00
   7.0362678e+00
   7.0362678e+00
   7.0362678e+00
   7.0362678e+00
   6.9378426e+00
   6.9309284e+00
   6.8630790e+00
   6.8630790e+00
   6.8630790e+00
   6.8630790e+00
   6.7828302e+00
   6.7828302e+00
   6.7320365e+00
   6.6774672e+00
   6.6774672e+00
   6.6774672e+00
   6.6774672e+00
   6.6774672e+00
   6.6774672e+00
   6.6774672e+00
   6.6560322e+00
   6.6560322e+00
   6.6560322e+00
   6.6544105e+00
   6.6544105e+00
   6.6544105e+00
   6.6544105e+00
   6.6268832e+00
   6.6268832e+00
   6.6268832e+00
   6.6268832e+00
   6.6264838e+00
   6.6239000e+00
   6.6239000e+00
   6.6239000e+00
   6.6189417e+00
   6.6160252e+00
   6.6160252e+00
   6.6148470e+00
   6.6145255e+00
   6.6036089e+00
   6.6005632e+00
   6.5962920e+00
   6.5905028e+00
   6.5658958e+00
   6.5185645e+00
   6.4122662e+00
   6.1602104e+00
   4.9658776e+00
   3.8128195e+00
   2.0872592e+00
   2.0425939e+00
   1.3912921e+00
   1.3234222e+00
   1.2452207e+00
   1.2379554e+00
   1.1686186e+00
   1.1299151e+00
   1.1299151e+00
   1.1094254e+00
   1.0137538e+00
   9.7354919e-01
   9.6963938e-01
   9.1019846e-01
   7.9521620e-01
   7.7012972e-01
   6.6043220e-01
   5.0046037e-01
   5.0046037e-01
   5.0046037e-01
   4.8184066e-01
   4.6577310e-01
   4.6454347e-01
   4.2755220e-01
   3.5741931e-01
   2.9846301e-01
   2.2830875e-01
   8.3664743e-02
   8.3664743e-02
   4.0663672e-02
   4.0663672e-02
   3.2110033e-02
   3.2110033e-02
   3.2110033e-02
   3.2110033e-02
   3.2110033e-02
   3.1041753e-02
   2.3573193e-02
   2.3573193e-02
   1.6048121e-02
   1.6048121e-02
   1.6048121e-02
   1.3586718e-02
   1.3586718e-02
   1.0028142e-02
   1.0028142e-02
   9.4837901e-03
   9.2328736e-03
   8.9752051e-03
   8.2493926e-03
   8.1755147e-03
   7.7645773e-03
   7.5556310e-03
   7.4213674e-03
   6.4601704e-03
   4.9324069e-03
   3.1859476e-03
   2.8337249e-03
   1.9784788e-03
   1.3704938e-03
   4.2763043e-04
   4.2763043e-04
   1.9588247e-04
   1.9588247e-04
   1.1717010e-04
   1.1717010e-04
   1.1717010e-04
   1.1687911e-04
   1.1687911e-04
   8.9631650e-05
   5.7309826e-05
   5.7309826e-05
   5.7309826e-05
   5.7309826e-05
   4.6235221e-05
   4.6235221e-05
   4.5001943e-05
   4.4254547e-05
   4.1274704e-05
   3.9463364e-05
   3.3418763e-05
   1.9855431e-05
   1.5191263e-05
   1.2035674e-05
   1.2035674e-05
   1.2035674e-05
   1.2035674e-05
   1.2035674e-05
   1.2035674e-05
   1.2035674e-05
   1.2035674e-05
   1.2035674e-05
   1.2035674e-05
   1.2035674e-05
   1.2035674e-05
   1.2035674e-05
   1.2035674e-05
   1.2035674e-05
   1.2035674e-05
   1.2035674e-05
   1.2035674e-05
   1.2035674e-05
   1.2035674e-05
   1.2035674e-05
   1.2035674e-05
   1.2035674e-05
   1.2035674e-05
   1.2035674e-05
   1.2035674e-05
   1.2035674e-05
   1.2035674e-05
   1.2035674e-05
   1.2035674e-05
   1.2035674e-05
   1.2035674e-05
   1.2035674e-05
   1.2035674e-05
   1.2035674e-05
   1.2035674e-05
   1.2035674e-05
   1.2035674e-05
   1.2035674e-05
   1.2035674e-05
   1.2035674e-05
   1.2035674e-05
   1.2035674e-05
   1.2035674e-05
   1.2035674e-05
   1.2035674e-05
   1.2035674e-05
   1.2035674e-05
   1.2035674e-05
   1.2035674e-05
   1.2035674e-05
   1.2035674e-05
   1.2035674e-05
   1.2035674e-05
   1.2035674e-05
   1.2035674e-05
   1.2035674e-05
   1.2035674e-05
   1.2035674e-05
   1.2035674e-05
   1.2035674e-05
   1.2035674e-05
   1.2035674e-05
   1.2035674e-05
   1.2035674e-05
   1.2035674e-05
   1.2035674e-05
   1.2035674e-05
   1.2035674e-05
   1.2035674e-05
   1.2035674e-05
   1.2035674e-05
   1.2035674e-05
   1.2035674e-05
   1.2035674e-05
   1.2035674e-05
   1.2035674e-05
   1.2035674e-05
   1.2035674e-05
   1.2035674e-05
   1.2035674e-05
   1.2035674e-05
   1.2035674e-05
   1.2035674e-05
   1.2035674e-05
   1.2035674e-05
   1.2035674e-05
   1.2035674e-05
   1.2035674e-05
   1.2035674e-05
   1.2035674e-05
   1.2035674e-05
   1.2035674e-05
   1.2035674e-05
   1.2035674e-05
   1.2035674e-05
   1.2035674e-05
   1.2035674e-05
   1.2035674e-05
   1.2035674e-05
   1.2035674e-05
   1.2035674e-05
   1.2035674e-05
   1.2035674e-05
   1.2035674e-05
   1.2035674e-05
   1.2035674e-05
   1.2035674e-05
   1.2035674e-05
   1.2035674e-05
   1.2035674e-05
   1.2035674e-05
   1.2035674e-05
   1.2035674e-05
   1.2035674e-05
   1.2035674e-05
   1.2035674e-05
   1.2035674e-05
   1.2035674e-05
   1.2035674e-05
   1.2035674e-05
   1.2035674e-05
   1.2035674e-05
   1.2035674e-05
   1.2035674e-05
   1.2035674e-05
   1.2035674e-05
   1.2035674e-05
   1.2035674e-05
   1.2035674e-05
   1.2035674e-05
