   3.5669883e+01
   3.5668190e+01
   3.5657983e+01
   3.5606469e+01
   3.5311730e+01
   3.3428393e+01
   2.0154956e+01
   1.8788419e+01
   1.8788419e+01
   1.8724650e+01
   1.8552462e+01
   1.8295403e+01
   1.8295403e+01
   1.8034461e+01
   1.7993033e+01
   1.7340795e+01
   1.6852163e+01
   1.6411508e+01
   1.5244834e+01
   1.2796394e+01
   5.8711567e+00
   5.8711567e+00
   5.8711567e+00
   5.4775974e+00
   5.1210814e+00
   5.1210814e+00
   4.8719893e+00
   4.8105210e+00
   4.6600754e+00
   4.6600754e+00
   4.6600754e+00
   4.6600754e+00
   4.6600754e+00
   3.7429929e+00
   3.7429929e+00
   2.1768675e+00
   1.4815781e+00
   1.4815781e+00
   1.0585919e+00
   8.7721766e-01
   8.7721766e-01
   8.0821669e-01
   6.3378457e-01
   6.3378457e-01
   6.3378457e-01
   6.3378457e-01
   6.3378457e-01
   6.3378457e-01
   6.3378457e-01
   6.3378457e-01
   6.3378457e-01
   6.3378457e-01
   6.0610972e-01
   5.4964804e-01
   5.3697588e-01
   4.8191507e-01
   4.2581301e-01
   4.2581301e-01
   4.2581301e-01
   4.2581301e-01
   3.9028930e-01
   3.8821426e-01
   3.8821426e-01
   3.8821426e-01
   3.8488374e-01
   3.7569937e-01
   3.7569937e-01
   3.7569937e-01
   3.7037112e-01
   3.7037112e-01
   3.5206386e-01
   3.5009451e-01
   3.1626815e-01
   3.1626815e-01
   2.9133090e-01
   2.7816961e-01
   1.6198429e-01
   1.5851050e-01
   1.4882339e-01
   1.3713099e-01
   1.3713099e-01
   1.3713099e-01
   1.3713099e-01
   1.3713099e-01
   1.3713099e-01
   1.3713099e-01
   1.3713099e-01
   1.2483191e-01
   1.2483191e-01
   1.2483191e-01
   1.1205660e-01
   9.3548672e-02
   7.7725233e-02
   6.9200084e-02
   6.4655895e-02
   6.2837935e-02
   6.2837935e-02
   6.0613362e-02
   5.5942534e-02
   5.2976983e-02
   5.1516987e-02
   4.8015486e-02
   4.0350189e-02
   3.0128756e-02
   3.0128756e-02
   2.2910094e-02
   1.3500470e-02
   4.9293213e-03
   4.9293213e-03
   4.9293213e-03
   4.9293213e-03
   1.5013525e-03
   1.5013525e-03
   1.5013525e-03
   1.5013525e-03
   1.5013525e-03
   1.5013525e-03
   1.5013525e-03
   1.5013525e-03
   1.5013525e-03
   7.2935186e-04
   7.2935186e-04
   7.2935186e-04
   7.2935186e-04
   7.2935186e-04
   7.2935186e-04
   7.2935186e-04
   6.8429717e-04
   6.6325102e-04
   6.6325102e-04
   6.4856531e-04
   6.4403994e-04
   6.4403994e-04
   6.4403994e-04
   6.1172771e-04
   5.9687571e-04
   5.7338042e-04
   5.5743543e-04
   5.4462574e-04
   5.0774694e-04
   4.9676308e-04
   4.7598906e-04
   4.2931870e-04
   3.9215394e-04
   3.6443669e-04
   3.4721808e-04
   3.4721808e-04
   3.4292731e-04
   3.1839257e-04
   2.8501227e-04
   2.4948868e-04
   2.1615465e-04
   2.0294561e-04
   1.7628945e-04
   1.6013062e-04
   1.4566047e-04
   1.1761031e-04
   8.2323458e-05
   6.6019889e-05
   6.0418371e-05
   5.4923791e-05
   4.2840962e-05
   4.0167748e-05
   3.1718942e-05
   2.7654878e-05
   2.3760997e-05
   2.3760997e-05
   2.2509522e-05
   2.2509522e-05
   2.1807166e-05
   1.8429097e-05
   1.5818511e-05
   1.4305590e-05
   1.3497060e-05
   1.1383494e-05
   1.0728239e-05
   1.0728239e-05
   1.0728239e-05
   1.0728239e-05
   1.0728239e-05
   1.0728239e-05
   1.0728239e-05
   1.0728239e-05
   1.0728239e-05
   1.0728239e-05
   1.0728239e-05
   1.0728239e-05
   1.0728239e-05
   1.0728239e-05
   1.0728239e-05
   1.0728239e-05
   1.0728239e-05
   1.0728239e-05
   1.0728239e-05
   1.0728239e-05
   1.0728239e-05
   1.0728239e-05
   1.0728239e-05
   1.0728239e-05
   1.0728239e-05
   1.0728239e-05
   1.0728239e-05
   1.0728239e-05
   1.0728239e-05
   1.0728239e-05
   1.0728239e-05
   1.0728239e-05
   1.0728239e-05
   1.0728239e-05
   1.0728239e-05
   1.0728239e-05
   1.0728239e-05
   1.0728239e-05
   1.0728239e-05
   1.0728239e-05
   1.0728239e-05
   1.0728239e-05
   1.0728239e-05
   1.0728239e-05
   1.0728239e-05
   1.0728239e-05
   1.0728239e-05
   1.0728239e-05
   1.0728239e-05
   1.0728239e-05
   1.0728239e-05
   1.0728239e-05
   1.0728239e-05
   1.0728239e-05
   1.0728239e-05
   1.0728239e-05
   1.0728239e-05
   1.0728239e-05
   1.0728239e-05
   1.0728239e-05
   1.0728239e-05
   1.0728239e-05
   1.0728239e-05
   1.0728239e-05
   1.0728239e-05
   1.0728239e-05
   1.0728239e-05
   1.0728239e-05
   1.0728239e-05
   1.0728239e-05
   1.0728239e-05
   1.0728239e-05
   1.0728239e-05
   1.0728239e-05
   1.0728239e-05
   1.0728239e-05
   1.0728239e-05
   1.0728239e-05
   1.0728239e-05
   1.0728239e-05
   1.0728239e-05
   1.0728239e-05
   1.0728239e-05
   1.0728239e-05
   1.0728239e-05
   1.0728239e-05
   1.0728239e-05
   1.0728239e-05
   1.0728239e-05
   1.0728239e-05
   1.0728239e-05
   1.0728239e-05
   1.0728239e-05
   1.0728239e-05
   1.0728239e-05
   1.0728239e-05
   1.0728239e-05
   1.0728239e-05
   1.0728239e-05
   1.0728239e-05
   1.0728239e-05
   1.0728239e-05
   1.0728239e-05
   1.0728239e-05
   1.0728239e-05
   1.0728239e-05
   1.0728239e-05
   1.0728239e-05
   1.0728239e-05
   1.0728239e-05
   1.0728239e-05
   1.0728239e-05
   1.0728239e-05
   1.0728239e-05
   1.0728239e-05
   1.0728239e-05
   1.0728239e-05
   1.0728239e-05
   1.0728239e-05
   1.0728239e-05
   1.0728239e-05
   1.0728239e-05
   1.0728239e-05
   1.0728239e-05
   1.0728239e-05
