   2.9644112e+01
   2.9640751e+01
   2.9627119e+01
   2.9438672e+01
   2.7445147e+01
   1.2536087e+01
   6.7097367e+00
   6.7097367e+00
   6.7097367e+00
   6.7097367e+00
   6.7097367e+00
   6.7097367e+00
   6.7097367e+00
   6.7097367e+00
   6.7016195e+00
   6.6976461e+00
   6.6590302e+00
   6.6590302e+00
   6.6590302e+00
   6.6400350e+00
   6.6400350e+00
   6.6400350e+00
   6.6400350e+00
   6.6400350e+00
   6.6400350e+00
   6.6400350e+00
   6.6069907e+00
   6.6029051e+00
   6.6029051e+00
   6.5923533e+00
   6.5750519e+00
   6.5750519e+00
   6.5750519e+00
   6.5733482e+00
   6.5733482e+00
   6.5690938e+00
   6.4461820e+00
   6.4298561e+00
   6.0145668e+00
   5.5454298e+00
   4.5352303e+00
   3.4024774e+00
   2.4635306e+00
   2.4635306e+00
   2.4635306e+00
   2.2696284e+00
   2.2696284e+00
   2.2184505e+00
   2.2184505e+00
   2.2184505e+00
   2.2184505e+00
   2.2184505e+00
   2.2184505e+00
   2.2160230e+00
   2.2160230e+00
   2.2160230e+00
   2.2108819e+00
   2.2108819e+00
   2.2069801e+00
   2.2069801e+00
   2.2069801e+00
   2.2069801e+00
   2.2048132e+00
   2.2048132e+00
   2.1957038e+00
   2.1929518e+00
   2.1859099e+00
   2.1859099e+00
   2.1832476e+00
   2.1791950e+00
   2.1609187e+00
   2.1297976e+00
   2.0801364e+00
   1.9424980e+00
   1.4690771e+00
   9.0866581e-01
   8.6842696e-01
   8.6842696e-01
   8.3601514e-01
   8.2857974e-01
   8.2857974e-01
   8.2857974e-01
   8.1435955e-01
   8.0792135e-01
   8.0792135e-01
   7.9852259e-01
   7.6482972e-01
   7.5582593e-01
   7.3305567e-01
   7.0102495e-01
   6.7599040e-01
   6.5116397e-01
   6.5116397e-01
   6.2437881e-01
   6.1993535e-01
   6.1993535e-01
   6.1993535e-01
   6.1993535e-01
   6.1993535e-01
   6.1974750e-01
   6.1974750e-01
   6.1919538e-01
   6.1862536e-01
   6.1862536e-01
   6.1862536e-01
   6.1862536e-01
   6.1862536e-01
   6.1819953e-01
   6.1819514e-01
   6.1797288e-01
   6.1797288e-01
   6.1797288e-01
   6.1794184e-01
   6.1792202e-01
   6.1784586e-01
   6.1777400e-01
   6.1775743e-01
   6.1773820e-01
   6.1767320e-01
   6.1759553e-01
   6.1753290e-01
   6.1753290e-01
   6.1751843e-01
   6.1747998e-01
   6.1747998e-01
   6.1747998e-01
   6.1747998e-01
   6.1747998e-01
   6.1747934e-01
   6.1747586e-01
   6.1747586e-01
   6.1747545e-01
   6.1747545e-01
   6.1747459e-01
   6.1747441e-01
   6.1747335e-01
   6.1747246e-01
   6.1747217e-01
   6.1747166e-01
   6.1746950e-01
   6.1746799e-01
   6.1746762e-01
   6.1746725e-01
   6.1746725e-01
   6.1746725e-01
   6.1746725e-01
   6.1746719e-01
   6.1746719e-01
   6.1746708e-01
   6.1746708e-01
   6.1746701e-01
   6.1746701e-01
   6.1746701e-01
   6.1746701e-01
   6.1746701e-01
   6.1746701e-01
   6.1746701e-01
   6.1746701e-01
   6.1746700e-01
   6.1746700e-01
   6.1746700e-01
   6.1746700e-01
   6.1746700e-01
   6.1746700e-01
   6.1746700e-01
   6.1746700e-01
   6.1746700e-01
   6.1746700e-01
   6.1746700e-01
   6.1746700e-01
   6.1746700e-01
   6.1746700e-01
   6.1746700e-01
   6.1746700e-01
   6.1746700e-01
   6.1746700e-01
   6.1746700e-01
   6.1746700e-01
   6.1746700e-01
   6.1746700e-01
   6.1746700e-01
   6.1746700e-01
   6.1746700e-01
   6.1746700e-01
   6.1746700e-01
   6.1746700e-01
   6.1746700e-01
   6.1746700e-01
   6.1746700e-01
   6.1746700e-01
   6.1746700e-01
   6.1746700e-01
   6.1746700e-01
   6.1746700e-01
   6.1746700e-01
   6.1746700e-01
   6.1746700e-01
   6.1746700e-01
   6.1746700e-01
   6.1746700e-01
   6.1746700e-01
   6.1746700e-01
   6.1746700e-01
   6.1746700e-01
   6.1746700e-01
   6.1746700e-01
   6.1746700e-01
   6.1746700e-01
   6.1746700e-01
   6.1746700e-01
   6.1746700e-01
   6.1746700e-01
   6.1746700e-01
   6.1746700e-01
   6.1746700e-01
   6.1746700e-01
   6.1746700e-01
   6.1746700e-01
   6.1746700e-01
   6.1746700e-01
   6.1746700e-01
   6.1746700e-01
   6.1746700e-01
   6.1746700e-01
   6.1746700e-01
   6.1746700e-01
   6.1746700e-01
   6.1746700e-01
   6.1746700e-01
   6.1746700e-01
   6.1746700e-01
   6.1746700e-01
   6.1746700e-01
   6.1746700e-01
   6.1746700e-01
   6.1746700e-01
   6.1746700e-01
   6.1746700e-01
   6.1746700e-01
   6.1746700e-01
   6.1746700e-01
   6.1746700e-01
   6.1746700e-01
   6.1746700e-01
   6.1746700e-01
   6.1746700e-01
   6.1746700e-01
   6.1746700e-01
   6.1746700e-01
   6.1746700e-01
   6.1746700e-01
   6.1746700e-01
   6.1746700e-01
   6.1746700e-01
   6.1746700e-01
   6.1746700e-01
   6.1746700e-01
   6.1746700e-01
   6.1746700e-01
   6.1746700e-01
   6.1746700e-01
   6.1746700e-01
   6.1746700e-01
   6.1746700e-01
   6.1746700e-01
   6.1746700e-01
   6.1746700e-01
   6.1746700e-01
   6.1746700e-01
   6.1746700e-01
   6.1746700e-01
   6.1746700e-01
   6.1746700e-01
   6.1746700e-01
   6.1746700e-01
   6.1746700e-01
   6.1746700e-01
   6.1746700e-01
   6.1746700e-01
   6.1746700e-01
   6.1746700e-01
   6.1746700e-01
   6.1746700e-01
   6.1746700e-01
   6.1746700e-01
   6.1746700e-01
   6.1746700e-01
   6.1746700e-01
   6.1746700e-01
   6.1746700e-01
   6.1746700e-01
   6.1746700e-01
   6.1746700e-01
   6.1746700e-01
   6.1746700e-01
   6.1746700e-01
   6.1746700e-01
   6.1746700e-01
   6.1746700e-01
   6.1746700e-01
